<BeginHMM>
 <NumStates> 4 <VecSize> 30 <USER> <nullD> <diagC>
 <State> 2 <NumMixes> 1   
  <Mixture> 1 1.0
    <Mean> 30
      0.0 0.0 0.0 0.0 0.0 0.0 0.0 0.0 0.0 0.0 0.0 0.0 0.0 0.0 0.0 0.0 0.0 0.0 0.0 0.0 0.0 0.0 0.0 0.0 0.0 0.0 0.0 0.0 0.0 1.0
    <Variance> 30
      1.0 1.0 1.0 1.0 1.0 1.0 1.0 1.0 1.0 1.0 1.0 1.0 1.0 1.0 1.0 1.0 1.0 1.0 1.0 1.0 1.0 1.0 1.0 1.0 1.0 1.0 1.0 1.0 1.0 1.0
 <State> 3 <NumMixes> 1   
  <Mixture> 1 1.0
    <Mean> 30
      0.0 0.0 0.0 0.0 0.0 0.0 0.0 0.0 0.0 0.0 0.0 0.0 0.0 0.0 0.0 0.0 0.0 0.0 0.0 0.0 0.0 0.0 0.0 0.0 0.0 0.0 0.0 0.0 0.0 0.0
    <Variance> 30
      1.0 1.0 1.0 1.0 1.0 1.0 1.0 1.0 1.0 1.0 1.0 1.0 1.0 1.0 1.0 1.0 1.0 1.0 1.0 1.0 1.0 1.0 1.0 1.0 1.0 1.0 1.0 1.0 1.0 1.0
 <TransP> 4
  0.000e+0    1.000e+0    0.000e+0    0.000e+0
  0.000e+0    6.000e-1    4.000e-1    0.000e+0
  0.000e+0    0.000e+0    9.000e-1    1.000e-1
  0.000e+0    0.000e+0    0.000e+0    0.000e+0
<EndHMM>

